0.24116666666664854 1.7453333333333407 1.9864999999999893
0.22516666666664875 4.169333333333341 4.39449999999999
0.8971666666666476 6.3453333333333415 7.242499999999989
0.2811666666666497 9.29733333333334 9.57849999999999
0.40116666666664713 19.113333333333344 19.51449999999999
0.5851666666666517 58.73733333333334 59.32249999999999
0.3531666666666453 62.83333333333334 63.18649999999999
0.3851666666666489 68.87333333333335 69.2585
1.209166666666647 74.21733333333334 75.42649999999999
1.0011666666666486 82.17733333333335 83.1785
0.8971666666666493 89.51333333333335 90.4105
0.41716666666664537 96.68933333333335 97.1065
1.3291666666666515 97.60133333333334 98.9305
0.5611666666666508 105.96133333333334 106.5225
0.9931666666666388 141.01733333333334 142.01049999999998
0.5691666666666606 144.26533333333333 144.8345
0.23316666666664787 146.28933333333333 146.52249999999998
0.7691666666666492 153.28133333333332 154.05049999999997
1.2731666666666683 157.53733333333332 158.8105
0.6251666666666438 164.44133333333335 165.0665
1.169166666666655 177.20133333333334 178.3705
0.9931666666666388 187.71333333333334 188.70649999999998
0.6331666666666536 189.35333333333332 189.98649999999998
1.553166666666641 202.92933333333335 204.4825
0.6171666666666624 214.87333333333333 215.4905
0.921166666666636 220.55333333333334 221.47449999999998
0.16916666666665492 236.27333333333334 236.4425
0.5611666666666508 246.89733333333334 247.4585
1.3051666666666506 256.84133333333335 258.1465
0.9771666666666192 258.91333333333336 259.8905
0.7851666666666688 280.06533333333334 280.8505
1.1131666666665865 299.7773333333334 300.8905
0.6811666666665701 310.9453333333334 311.62649999999996
0.761166666666611 313.7533333333334 314.5145
0.7291666666666288 338.73733333333337 339.4665
0.7291666666666288 349.9533333333334 350.6825
0.3611666666666338 359.8573333333334 360.2185
