0.09383333333334676 1.2831666666666497 1.3769999999999964
0.6778333333333482 8.539166666666649 9.216999999999997
1.2618333333333496 60.84316666666665 62.105
-0.31416666666666515 66.12316666666666 65.809
0.8458333333333456 70.01116666666665 70.857
3.0378333333333387 75.33116666666666 78.369
1.6138333333333463 83.17116666666665 84.785
0.97383333333336 93.78716666666665 94.76100000000001
1.1338333333333424 106.38716666666666 107.521
1.10183333333336 137.54716666666664 138.649
1.0058333333333564 147.92316666666665 148.929
1.0058333333333564 154.17116666666664 155.177
1.8538333333333696 160.77116666666663 162.625
1.4218333333333533 173.35516666666663 174.777
1.9098333333333528 179.61116666666663 181.521
1.757833333333366 187.79516666666663 189.553
1.1978333333333353 201.76316666666665 202.96099999999998
0.229833333333346 211.99516666666665 212.225
0.965833333333336 216.39516666666665 217.361
0.6458333333333428 226.67516666666666 227.321
0.6298333333333517 233.59516666666664 234.225
0.7818333333333385 241.01116666666664 241.79299999999998
0.021833333333347582 252.21916666666664 252.24099999999999
1.2058333333333735 257.65116666666665 258.857
1.4858333333333462 272.6911666666667 274.177
1.9098333333333244 283.4431666666667 285.353
1.2378333333333558 294.6191666666667 295.857
1.2538333333333185 305.3951666666667 306.649
0.901833333333343 319.1311666666667 320.033
0.10983333333336986 335.65116666666665 335.761
0.9098333333333812 338.45116666666667 339.36100000000005
1.005833333333328 347.7311666666667 348.737
