-0.2986666666666702 3.7066666666666617 3.4079999999999915
1.6533333333333307 7.890666666666661 9.543999999999992
0.3333333333333286 13.106666666666662 13.43999999999999
2.085333333333331 21.938666666666663 24.023999999999994
3.0933333333333266 41.18666666666666 44.27999999999999
2.149333333333331 52.12266666666666 54.27199999999999
2.0373333333333363 62.14666666666666 64.184
3.757333333333321 68.13066666666667 71.88799999999999
3.9653333333333336 89.78666666666666 93.752
0.7653333333333308 101.35466666666667 102.12
1.0293333333333123 154.93066666666667 155.95999999999998
0.8613333333333344 159.86666666666665 160.72799999999998
-0.13066666666668425 164.25066666666666 164.11999999999998
-0.41066666666665697 166.84266666666664 166.432
0.02933333333334076 168.21866666666665 168.248
0.24533333333332052 187.18666666666667 187.432
-0.1706666666666763 190.13866666666667 189.968
-0.26666666666667993 190.85066666666665 190.58399999999997
-0.09866666666667356 191.20266666666666 191.10399999999998
-0.03466666666668061 191.99466666666666 191.95999999999998
0.6613333333333458 199.14666666666665 199.808
0.9253333333333273 204.77066666666667 205.696
1.3333333333333144 207.18666666666667 208.51999999999998
0.45333333333331893 223.23466666666667 223.688
0.02933333333334076 246.54666666666665 246.576
-0.4586666666666872 248.09066666666666 247.63199999999998
1.061333333333323 248.61866666666666 249.67999999999998
-0.466666666666697 258.11466666666666 257.64799999999997
7.51733333333334 259.77066666666667 267.288
0.34133333333329574 271.4506666666667 271.792
7.581333333333305 273.04266666666666 280.62399999999997
0.34133333333329574 286.4106666666667 286.752
-0.09866666666670199 287.7066666666667 287.608
0.09333333333324845 288.8986666666667 288.99199999999996
7.365333333333297 291.5226666666667 298.888
0.18133333333332757 303.13866666666667 303.32
5.2053333333333285 309.0106666666667 314.216
4.693333333333328 332.6426666666667 337.336
0.18133333333332757 348.1786666666667 348.36
-0.4426666666666961 350.3146666666667 349.872
-0.05866666666668152 355.3066666666667 355.248
2.797333333333313 361.3306666666667 364.128
1.6213333333333253 375.99466666666666 377.616
3.8053333333332944 383.1066666666667 386.912
3.9093333333332794 390.9226666666667 394.832
3.717333333333272 398.8586666666667 402.57599999999996
4.141333333333307 410.01866666666666 414.15999999999997
4.1013333333333435 425.3306666666667 429.432
4.581333333333305 436.3546666666667 440.936
2.5973333333333244 447.6186666666667 450.216
