0.6239999999999717 2.5466666666666615 3.170666666666633
2.2959999999999727 5.210666666666661 7.506666666666634
0.3359999999999719 10.498666666666661 10.834666666666633
1.0559999999999725 14.53866666666666 15.594666666666633
1.415999999999972 25.906666666666663 27.322666666666635
0.5119999999999685 30.338666666666665 30.850666666666633
-0.7360000000000326 54.10666666666666 53.37066666666663
0.4959999999999738 55.99466666666666 56.490666666666634
0.8559999999999661 60.74666666666666 61.60266666666663
0.8079999999999785 72.67466666666667 73.48266666666665
-0.25600000000002865 78.17066666666666 77.91466666666663
0.5439999999999827 83.45066666666666 83.99466666666665
0.7359999999999758 91.49866666666667 92.23466666666664
1.399999999999963 103.99466666666667 105.39466666666664
0.7039999999999651 114.50666666666667 115.21066666666664
0.42399999999997817 119.95466666666667 120.37866666666665
0.2559999999999718 129.68266666666665 129.93866666666662
-0.31200000000004025 134.20266666666666 133.89066666666662
1.0479999999999734 136.13066666666666 137.17866666666663
1.8319999999999652 140.72266666666667 142.55466666666663
-0.15200000000004366 158.65066666666667 158.49866666666662
0.08799999999996544 164.78666666666666 164.87466666666663
-1.120000000000033 171.38666666666666 170.26666666666662
2.2159999999999513 172.85866666666666 175.07466666666662
-0.17600000000001614 179.37866666666665 179.20266666666663
-0.15200000000001523 199.56266666666664 199.41066666666663
-0.09600000000003206 201.16266666666667 201.06666666666663
2.055999999999983 201.79466666666664 203.85066666666663
0.8639999999999759 209.11466666666666 209.97866666666664
0.7359999999999616 225.28266666666667 226.01866666666663
0.9519999999999698 235.11466666666666 236.06666666666663
0.7039999999999793 243.14666666666665 243.85066666666663
0.9039999999999395 267.7146666666667 268.6186666666666
0.023999999999944066 270.1226666666667 270.14666666666665
-0.40800000000001546 271.11466666666666 270.70666666666665
-0.25600000000002865 275.6426666666667 275.38666666666666
0.8719999999999573 283.8666666666667 284.73866666666663
0.4399999999999409 285.6826666666667 286.12266666666665
0.8159999999999172 288.1946666666667 289.0106666666666
0.6559999999999491 299.8106666666667 300.46666666666664
-0.12000000000006139 301.28266666666667 301.1626666666666
-0.12000000000006139 303.1066666666667 302.9866666666666
0.6319999999999482 307.0346666666667 307.66666666666663
0.5839999999999463 310.1066666666667 310.69066666666663
0.8799999999999386 311.1306666666667 312.0106666666666
0.5679999999999268 318.2426666666667 318.81066666666663
0.3279999999999177 319.6106666666667 319.9386666666666
0.6079999999999472 331.0506666666667 331.65866666666665
-0.1280000000000996 334.2186666666667 334.0906666666666
0.34399999999993724 339.7306666666667 340.07466666666664
-0.03200000000009595 343.0986666666667 343.0666666666666
-0.21600000000006503 344.5146666666667 344.29866666666663
-0.08800000000002228 348.9866666666667 348.89866666666666
0.15199999999992997 352.9146666666667 353.0666666666666
0.3999999999999204 358.6826666666667 359.0826666666666
1.047999999999945 360.3866666666667 361.43466666666666
1.4479999999999222 362.6666666666667 364.1146666666666
-5.6843418860808015E-14 365.4746666666667 365.4746666666666
