1.0588333333333135 1.872333333333336 2.9311666666666496
0.8588333333333136 7.128333333333336 7.987166666666649
0.37083333333331225 10.120333333333337 10.491166666666649
0.41083333333330785 40.51233333333334 40.923166666666646
1.322833333333314 44.34433333333333 45.667166666666645
1.5148333333333142 49.592333333333336 51.10716666666665
-0.1251666666666864 55.416333333333334 55.29116666666665
1.8108333333333064 71.20033333333335 73.01116666666665
2.03483333333331 79.39233333333334 81.42716666666665
3.7468333333333135 89.28033333333335 93.02716666666666
1.9628333333333075 100.28033333333335 102.24316666666665
0.03483333333331018 115.03233333333334 115.06716666666665
0.46683333333331234 122.99233333333335 123.45916666666666
0.35483333333331757 124.90433333333334 125.25916666666666
1.2268333333333032 131.69633333333334 132.92316666666665
0.1068333333332987 133.45633333333333 133.56316666666663
0.1148333333333369 134.02433333333332 134.13916666666665
1.314833333333297 143.20033333333333 144.51516666666663
0.0588333333333253 147.12833333333333 147.18716666666666
2.1148333333333085 160.15233333333333 162.26716666666664
1.234833333333313 173.05633333333333 174.29116666666664
2.0428333333333057 182.33633333333333 184.37916666666663
2.1628333333333103 193.05633333333333 195.21916666666664
0.03483333333332439 212.17633333333333 212.21116666666666
0.2668333333332953 224.18433333333334 224.45116666666664
0.22683333333333167 224.86433333333332 225.09116666666665
0.298833333333306 227.00033333333334 227.29916666666665
1.7948333333333153 235.82433333333333 237.61916666666664
2.1308333333332996 249.08833333333334 251.21916666666664
1.4188333333333674 255.33633333333333 256.7551666666667
-0.6451666666666824 286.56033333333335 285.91516666666666
2.3068333333333726 299.1603333333333 301.4671666666667
0.002833333333342125 303.39233333333334 303.3951666666667
1.8508333333333553 310.80833333333334 312.6591666666667
0.25883333333331393 318.80833333333334 319.06716666666665
0.49083333333334167 325.90433333333334 326.3951666666667
2.978833333333341 344.34433333333334 347.3231666666667
1.5068333333333044 359.28833333333336 360.79516666666666
