0.21199999999999064 1.5039999999999916 1.7159999999999822
0.5719999999999903 4.191999999999991 4.763999999999982
0.6279999999999912 9.903999999999991 10.531999999999982
0.8359999999999879 16.951999999999995 17.787999999999982
1.019999999999989 59.03199999999999 60.05199999999998
0.7639999999999887 63.407999999999994 64.17199999999998
0.8840000000000003 71.216 72.1
0.8999999999999773 76.992 77.89199999999998
1.1159999999999997 86.776 87.892
0.3159999999999883 91.352 91.66799999999999
0.7239999999999895 92.112 92.83599999999998
-0.4440000000000168 103.36 102.91599999999998
0.652000000000001 105.16799999999999 105.82
-0.05200000000000671 109.8 109.74799999999999
1.3159999999999883 118.72 120.03599999999999
0.04399999999999693 126.824 126.868
0.8439999999999941 140.32799999999997 141.17199999999997
0.21199999999998909 158.93599999999998 159.14799999999997
0.18799999999998818 160.51999999999998 160.70799999999997
1.8600000000000136 162.11999999999998 163.98
0.0519999999999925 176.26399999999998 176.31599999999997
0.7319999999999993 181.55999999999997 182.29199999999997
2.97199999999998 194.064 197.03599999999997
1.3319999999999936 200.61599999999999 201.94799999999998
0.24399999999999977 211.32799999999997 211.57199999999997
0.6359999999999673 213.768 214.40399999999997
1.7639999999999816 225.54399999999998 227.30799999999996
-0.036000000000029786 235.856 235.81999999999996
1.1160000000000139 247.09599999999998 248.212
1.3480000000000132 257.608 258.956
0.8120000000000118 278.32 279.132
1.6200000000000045 302.736 304.356
0.8919999999999959 313.2 314.092
0.9560000000000173 326.056 327.012
0.3320000000000505 327.64799999999997 327.98
2.0919999999999845 332.264 334.356
0.6040000000000418 346.424 347.028
0.10800000000006094 352.20799999999997 352.31600000000003
