0.5413333333333585 2.0919999999999823 2.633333333333341
-0.26666666666664085 4.675999999999982 4.4093333333333415
0.17333333333335865 6.8199999999999825 6.993333333333341
3.2053333333333587 8.611999999999982 11.817333333333341
-0.16266666666663987 12.395999999999981 12.233333333333341
2.46933333333336 17.835999999999984 20.305333333333344
1.3173333333333588 36.03599999999998 37.35333333333334
-0.6346666666666394 53.61199999999998 52.97733333333334
-2.682666666666641 59.37999999999998 56.69733333333334
3.0853333333333666 64.29999999999998 67.38533333333335
-1.5066666666666464 72.13199999999999 70.62533333333334
-0.43466666666664366 75.95599999999999 75.52133333333335
2.7973333333333557 78.95599999999999 81.75333333333334
3.349333333333348 84.82 88.16933333333334
3.7733333333333547 93.41199999999999 97.18533333333335
2.941333333333361 106.41199999999999 109.35333333333335
2.9573333333333665 119.45199999999998 122.40933333333335
2.613333333333344 128.37199999999999 130.98533333333333
-0.6266666666666367 145.80399999999997 145.17733333333334
3.589333333333343 146.29999999999998 149.88933333333333
0.21333333333336668 161.50799999999998 161.72133333333335
0.35733333333337214 163.53999999999996 163.89733333333334
2.4133333333333553 169.36399999999998 171.77733333333333
2.7413333333333583 177.69199999999998 180.43333333333334
2.6533333333333644 185.45199999999997 188.10533333333333
-0.2106666666666399 192.27599999999998 192.06533333333334
2.6853333333333467 194.25199999999998 196.93733333333333
-0.5066666666666606 209.724 209.21733333333333
1.3893333333333544 211.73999999999998 213.12933333333334
-0.08266666666665401 219.43599999999998 219.35333333333332
-0.7866666666666333 220.98799999999997 220.20133333333334
-1.554666666666634 223.15599999999998 221.60133333333334
1.4613333333333571 224.57999999999998 226.04133333333334
0.19733333333334713 241.492 241.68933333333334
0.2933333333333792 243.58799999999997 243.88133333333334
1.181333333333356 245.15599999999998 246.33733333333333
2.9413333333333753 249.73199999999997 252.67333333333335
-0.05866666666662468 257.372 257.3133333333334
0.09333333333336213 259.75600000000003 259.8493333333334
-0.27466666666663286 262.612 262.3373333333334
1.5413333333333412 265.684 267.22533333333337
2.141333333333364 272.356 274.49733333333336
0.08533333333332394 285.004 285.08933333333334
3.773333333333312 290.34000000000003 294.11333333333334
0.22133333333334804 300.612 300.83333333333337
3.0693333333333612 305.988 309.05733333333336
-0.514666666666642 324.484 323.96933333333334
-0.6106666666665888 326.532 325.9213333333334
-1.4426666666666392 335.54 334.0973333333334
3.7013333333333662 346.668 350.3693333333334
0.09333333333336213 351.788 351.8813333333334
-0.5866666666666447 353.588 353.0013333333334
-0.3466666666666356 368.044 367.69733333333335
1.117333333333363 368.524 369.64133333333336
