1.2176666666666935 1.7441666666666353 2.961833333333329
0.6896666666666942 4.664166666666635 5.353833333333329
-0.24633333333330754 6.568166666666636 6.321833333333329
0.1456666666666937 10.824166666666635 10.969833333333328
4.321666666666696 15.216166666666636 19.53783333333333
0.46566666666669576 24.912166666666636 25.37783333333333
0.5776666666666941 26.808166666666637 27.38583333333333
11.86566666666669 33.208166666666635 45.073833333333326
0.3696666666666957 55.056166666666634 55.42583333333333
0.6256666666666959 56.36816666666663 56.99383333333333
0.18566666666669107 60.680166666666636 60.86583333333333
-0.46233333333330506 101.18416666666664 100.72183333333334
-0.14233333333331188 104.80016666666664 104.65783333333333
0.7136666666666827 105.14416666666665 105.85783333333333
2.0336666666667043 111.68016666666664 113.71383333333334
0.777666666666704 119.80816666666664 120.58583333333334
1.4816666666666833 124.94416666666665 126.42583333333333
2.9696666666667113 136.68016666666662 139.64983333333333
0.8736666666667077 146.51216666666662 147.38583333333332
-1.6623333333333221 155.66416666666663 154.0018333333333
1.4416666666666913 156.81616666666662 158.2578333333333
0.45766666666668243 168.64816666666664 169.10583333333332
0.6416666666667084 173.33616666666663 173.97783333333334
0.473666666666702 182.75216666666662 183.22583333333333
1.1376666666666893 186.88016666666664 188.01783333333333
2.273666666666685 197.29616666666664 199.56983333333332
0.6416666666666799 207.88016666666664 208.52183333333332
-0.8623333333333107 212.52016666666663 211.65783333333331
0.3936666666667179 240.88816666666662 241.28183333333334
-0.22233333333329597 248.08016666666663 247.85783333333333
0.8016666666667049 249.37616666666662 250.17783333333333
-0.3583333333332348 269.4801666666666 269.12183333333337
0.08966666666674428 270.5201666666666 270.60983333333337
2.3536666666667543 286.5281666666666 288.88183333333336
1.369666666666717 298.7201666666666 300.08983333333333
-0.062333333333242535 307.5761666666666 307.51383333333337
1.6496666666666897 314.00016666666664 315.64983333333333
-0.206333333333248 322.4961666666666 322.2898333333334
1.4416666666667197 329.00016666666664 330.44183333333336
-0.6143333333332635 336.4001666666666 335.78583333333336
0.5536666666667429 336.9841666666666 337.53783333333337
0.32966666666675337 341.9361666666666 342.2658333333334
0.5136666666667224 345.8161666666666 346.32983333333334
1.6896666666667102 348.36816666666664 350.05783333333335
-0.6623333333333221 353.77616666666665 353.11383333333333
0.01766666666674155 354.1601666666666 354.17783333333335
0.369666666666717 360.71216666666663 361.08183333333335
0.6016666666667447 364.6481666666666 365.24983333333336
1.1216666666667265 371.41616666666664 372.53783333333337
0.49766666666675974 378.8641666666666 379.3618333333334
2.4896666666667215 383.60816666666665 386.09783333333337
