-0.41900000000001425 2.979999999999982 2.560999999999968
-0.3230000000000146 5.483999999999982 5.160999999999968
-0.0830000000000144 6.451999999999982 6.368999999999968
1.316999999999986 13.011999999999983 14.328999999999969
0.47699999999998965 34.56399999999998 35.04099999999997
0.6609999999999872 39.27599999999998 39.93699999999997
0.1489999999999867 71.844 71.99299999999998
-2.0270000000000152 74.67599999999999 72.64899999999997
0.5729999999999933 80.19599999999998 80.76899999999998
1.660999999999973 84.612 86.27299999999997
-0.03500000000002501 89.82 89.78499999999997
0.9009999999999962 95.24399999999999 96.14499999999998
2.292999999999978 101.82 104.11299999999997
-0.10700000000001353 109.1 108.99299999999998
0.9489999999999839 113.276 114.22499999999998
6.844999999999999 118.17199999999998 125.01699999999998
0.7090000000000032 131.61199999999997 132.32099999999997
-0.4670000000000414 133.956 133.48899999999995
0.4129999999999825 134.83599999999998 135.24899999999997
-0.4110000000000298 138.884 138.47299999999996
1.7809999999999775 143.41199999999998 145.19299999999996
0.14099999999999113 152.79599999999996 152.93699999999995
0.9409999999999741 158.25199999999998 159.19299999999996
3.6769999999999925 164.93999999999997 168.61699999999996
2.3729999999999905 187.05199999999996 189.42499999999995
1.6370000000000005 225.45199999999997 227.08899999999997
3.0689999999999884 230.45999999999998 233.52899999999997
-0.3470000000000084 240.53199999999998 240.18499999999997
0.4849999999999852 242.516 243.00099999999998
7.612999999999971 246.468 254.08099999999996
0.4609999999999559 257.148 257.609
-0.13900000000001 270.548 270.409
0.8289999999999509 274.29200000000003 275.121
0.8769999999999527 279.204 280.08099999999996
1.7489999999999668 296.7 298.44899999999996
0.86099999999999 315.508 316.36899999999997
0.09299999999996089 333.124 333.217
3.8369999999999322 338.932 342.76899999999995
-0.16300000000001091 345.484 345.32099999999997
1.9969999999999573 363.02 365.01699999999994
1.148999999999944 368.90000000000003 370.049
