0.8984166666666766 3.6093333333333124 4.507749999999989
0.058416666666676775 10.441333333333311 10.499749999999988
1.4984166666666763 10.953333333333312 12.451749999999988
-0.04558333333332598 18.465333333333316 18.41974999999999
0.5464166666666799 47.94533333333331 48.49174999999999
0.7864166666666748 61.35333333333331 62.139749999999985
1.9384166666666829 66.05733333333332 67.99575
0.9144166666666678 71.38533333333332 72.29974999999999
0.586416666666679 85.42533333333331 86.01174999999999
0.12241666666668038 87.23333333333332 87.35575
1.394416666666686 92.85733333333332 94.25175
1.0344166666666723 101.53733333333332 102.57175
0.8344166666666695 110.46533333333332 111.29974999999999
1.0824166666666741 114.67333333333332 115.75574999999999
1.0104166666666856 121.57733333333331 122.58775
0.09041666666668391 124.52133333333332 124.61175
0.5544166666666968 131.5373333333333 132.09175
0.9224166666666633 134.0813333333333 135.00374999999997
0.31441666666668766 145.2173333333333 145.53175
1.5624166666666781 169.4333333333333 170.99575
0.0024166666666758374 177.46533333333332 177.46775
-0.13358333333331984 183.2893333333333 183.15574999999998
1.4424166666666736 188.9373333333333 190.37974999999997
0.2264166666666938 195.5613333333333 195.78775
1.4824166666666656 197.2893333333333 198.77174999999997
0.6264166666666711 217.1533333333333 217.77974999999998
0.3544166666666797 221.5293333333333 221.88375
0.9944166666666661 229.44133333333332 230.43574999999998
2.370416666666671 230.6173333333333 232.98774999999998
2.1464166666666813 240.3853333333333 242.53175
2.1144166666666706 247.02533333333332 249.13975
1.1704166666666822 253.4093333333333 254.57975
-0.18958333333330302 257.5213333333333 257.33175
-0.1415833333333012 267.2733333333333 267.13175
0.17841666666674882 268.5293333333333 268.70775000000003
-0.6855833333332839 270.5053333333333 269.81975
0.546416666666687 279.4013333333333 279.94775
1.0584166666666874 282.21733333333333 283.27575
0.01841666666666697 290.6813333333333 290.69975
-0.08558333333331802 296.5453333333333 296.45975
-0.06958333333329847 304.2813333333333 304.21175
-0.06958333333329847 305.5533333333333 305.48375
1.0264166666667052 313.5053333333333 314.53175
0.018416666666723813 315.9853333333333 316.00375
1.2984166666666965 319.8093333333333 321.10775
0.32241666666669744 325.6413333333333 325.96375
0.5144166666667047 337.2333333333333 337.74775
0.0984166666667079 341.2733333333333 341.37175
-0.3255833333333271 343.33733333333333 343.01175
0.5624166666667065 350.3293333333333 350.89175
0.43441666666672063 357.0253333333333 357.45975000000004
-0.1575833333332639 358.5693333333333 358.41175000000004
-0.20558333333332257 359.5373333333333 359.33175
