0.3861666666666532 2.233833333333329 2.6199999999999823
0.48216666666665375 4.785833333333329 5.267999999999983
0.7861666666666522 9.84983333333333 10.635999999999981
0.2901666666666536 15.441833333333328 15.731999999999982
-1.7258333333333447 26.81783333333333 25.091999999999985
0.8901666666666515 30.47383333333333 31.363999999999983
0.7781666666666496 34.38583333333333 35.16399999999998
0.6101666666666574 84.55383333333333 85.16399999999999
0.7621666666666442 89.04983333333334 89.81199999999998
0.922166666666655 90.13783333333333 91.05999999999999
0.8421666666666567 97.61783333333334 98.46
0.9701666666666426 102.12183333333334 103.09199999999998
1.9381666666666604 111.88183333333333 113.82
0.922166666666655 120.00983333333333 120.93199999999999
0.5861666666666565 139.6338333333333 140.21999999999997
0.9221666666666692 176.8898333333333 177.81199999999998
1.2821666666666545 225.29783333333333 226.57999999999998
0.39416666666664923 237.05783333333332 237.45199999999997
1.4821666666666715 249.5618333333333 251.04399999999998
0.3221666666666465 261.9218333333334 262.244
1.9221666666666692 269.84183333333334 271.764
-0.05383333333332985 305.69783333333334 305.644
-0.26183333333329983 325.62583333333333 325.36400000000003
0.5461666666666929 326.64983333333333 327.196
1.6741666666666788 327.37783333333334 329.052
1.2421666666666056 340.7538333333334 341.996
0.5381666666666547 344.23383333333334 344.772
0.3141666666666083 357.3618333333334 357.676
2.8501666666666097 370.7778333333334 373.628
0.46616666666665196 391.22583333333336 391.692
