0.2706666666666795 3.5466666666666615 3.817333333333341
0.7906666666666791 11.218666666666662 12.009333333333341
-0.09733333333332084 19.602666666666664 19.505333333333343
0.8066666666666791 19.962666666666664 20.769333333333343
0.08666666666667666 26.922666666666665 27.00933333333334
0.2626666666666786 29.522666666666662 29.78533333333334
-0.5293333333333194 61.17866666666666 60.64933333333334
0.26266666666668925 65.85866666666666 66.12133333333335
1.4226666666666716 76.94666666666667 78.36933333333334
0.806666666666672 81.56266666666667 82.36933333333334
-0.041333333333327005 87.50666666666667 87.46533333333335
1.110666666666674 95.50666666666667 96.61733333333335
0.9266666666666765 104.46666666666667 105.39333333333335
0.28666666666669016 110.68266666666666 110.96933333333335
0.49466666666667436 115.08266666666667 115.57733333333334
1.2386666666666883 119.29866666666666 120.53733333333335
1.086666666666659 127.64266666666667 128.72933333333333
-0.28933333333333167 138.10666666666665 137.81733333333332
-0.36933333333331575 145.04266666666666 144.67333333333335
1.4946666666666601 151.90666666666667 153.40133333333333
0.5026666666666983 169.05066666666664 169.55333333333334
-0.12933333333333508 173.69866666666667 173.56933333333333
-0.10533333333330575 174.09866666666665 173.99333333333334
1.806666666666672 209.16266666666667 210.96933333333334
-0.4093333333333362 217.65066666666667 217.24133333333333
0.8866666666666845 222.17066666666665 223.05733333333333
0.702666666666687 227.41066666666666 228.11333333333334
0.8706666666666933 238.89066666666665 239.76133333333334
-0.02533333333332166 262.1546666666667 262.12933333333336
-0.04933333333332257 268.65066666666667 268.60133333333334
0.7186666666667065 275.8186666666667 276.5373333333334
0.7986666666666906 294.4746666666667 295.27333333333337
-0.6733333333332894 299.48266666666666 298.80933333333337
-1.5933333333333053 304.3466666666667 302.7533333333334
-0.12933333333330665 309.11466666666666 308.98533333333336
0.19866666666666788 323.9546666666667 324.15333333333336
0.2786666666667088 343.23466666666667 343.5133333333334
1.0306666666666615 357.0746666666667 358.10533333333336
0.21466666666668743 362.6586666666667 362.8733333333334
-0.36133333333327755 364.72266666666667 364.3613333333334
