2.4279999999999906 0.4559999999999916 2.883999999999982
1.1639999999999908 8.383999999999991 9.547999999999982
1.9719999999999906 17.52799999999999 19.499999999999982
-0.22000000000001307 57.39999999999999 57.17999999999998
-0.46000000000000796 67.416 66.95599999999999
1.676000000000002 85.704 87.38
0.2839999999999918 88.176 88.46
-0.8760000000000048 103.368 102.49199999999999
-0.14800000000001035 123.504 123.356
5.931999999999988 130.944 136.87599999999998
0.027999999999963165 140.72 140.74799999999996
9.699999999999989 150.016 159.71599999999998
0.7800000000000011 175.2 175.98
7.451999999999998 191.16799999999998 198.61999999999998
12.195999999999998 212.16799999999998 224.36399999999998
0.8919999999999959 233.968 234.85999999999999
-0.0519999999999925 244.75199999999998 244.7
3.3400000000000034 252.14399999999998 255.48399999999998
-0.5640000000000214 271.512 270.948
4.684000000000026 274.616 279.3
0.13999999999998636 294.416 294.556
