-0.26933333333332987 2.5759999999999916 2.3066666666666618
-0.18133333333332757 40.07199999999999 39.89066666666666
0.890666666666668 40.73599999999999 41.62666666666666
0.6426666666666705 44.31199999999999 44.95466666666666
0.5946666666666687 49.73599999999999 50.33066666666666
1.00266666666667 53.96799999999999 54.97066666666666
0.914666666666669 58.12799999999999 59.04266666666666
2.0186666666666753 64.088 66.10666666666667
0.7226666666666688 71.44 72.16266666666667
1.5466666666666669 75.904 77.45066666666666
0.6506666666666661 81.056 81.70666666666666
0.5386666666666713 82.024 82.56266666666667
0.9626666666666779 83.416 84.37866666666667
0.7626666666666608 88.632 89.39466666666667
1.13066666666667 96.592 97.72266666666667
0.7146666666666732 103.112 103.82666666666667
0.13066666666667004 106.616 106.74666666666667
0.29066666666668084 115.24 115.53066666666668
0.17866666666667186 123.264 123.44266666666667
0.6506666666666661 129.696 130.34666666666666
0.5546666666666908 134.86399999999998 135.41866666666667
-0.061333333333323026 139.35199999999998 139.29066666666665
0.6986666666666679 140.19199999999998 140.89066666666665
1.8826666666666654 144.10399999999998 145.98666666666665
0.9946666666666886 151.95999999999998 152.95466666666667
0.05866666666668152 153.42399999999998 153.48266666666666
0.5866666666666731 165.26399999999998 165.85066666666665
0.7866666666666617 168.736 169.52266666666665
0.5226666666666802 177.55999999999997 178.08266666666665
0.778666666666652 180.136 180.91466666666665
0.9066666666666947 188.04799999999997 188.95466666666667
0.08266666666668243 189.92 190.00266666666667
0.2746666666666897 190.51199999999997 190.78666666666666
0.5146666666666704 192.32799999999997 192.84266666666664
0.3546666666666738 201.152 201.50666666666666
-0.08533333333335236 203.512 203.42666666666665
0.2186666666666781 205.07999999999998 205.29866666666666
0.610666666666674 210.37599999999998 210.98666666666665
0.7866666666666617 213.16 213.94666666666666
0.5466666666666811 217.91199999999998 218.45866666666666
0.8666666666666742 220.30399999999997 221.17066666666665
-0.13333333333332575 228.65599999999998 228.52266666666665
0.8986666666666565 229.224 230.12266666666665
0.5866666666666731 234.31199999999998 234.89866666666666
0.6666666666666572 243.0 243.66666666666666
0.5146666666666704 246.21599999999998 246.73066666666665
0.4746666666667352 256.62399999999997 257.0986666666667
0.39466666666669425 260.15999999999997 260.55466666666666
0.6026666666666642 260.928 261.53066666666666
0.026666666666699257 266.856 266.8826666666667
0.05866666666668152 267.144 267.2026666666667
0.7626666666666893 271.712 272.4746666666667
0.5066666666667174 272.856 273.3626666666667
0.21066666666672518 276.84 277.0506666666667
1.0506666666667002 281.488 282.5386666666667
0.5946666666666829 285.864 286.45866666666666
0.9466666666667152 287.664 288.6106666666667
0.47466666666667834 293.312 293.7866666666667
1.2426666666667074 302.296 303.5386666666667
0.6106666666667024 304.936 305.5466666666667
1.282666666666671 307.736 309.01866666666666
0.2266666666666879 315.008 315.23466666666667
0.39466666666669425 323.456 323.8506666666667
0.4346666666667147 328.55199999999996 328.9866666666667
0.34666666666669244 334.768 335.11466666666666
0.4426666666666961 339.28 339.72266666666667
