0.2495000000000207 14.207999999999991 14.457500000000012
0.31350000000002254 16.71999999999999 17.033500000000014
0.05750000000002231 18.815999999999992 18.873500000000014
0.7775000000000212 23.527999999999995 24.305500000000016
0.2655000000000207 28.655999999999995 28.921500000000016
-0.18249999999997968 29.639999999999993 29.457500000000014
0.7455000000000211 31.703999999999994 32.449500000000015
0.00950000000001694 38.71999999999999 38.72950000000001
0.6095000000000255 70.392 71.00150000000002
-0.8864999999999696 77.80799999999999 76.92150000000002
0.4415000000000191 83.44 83.88150000000002
0.32150000000002876 87.96 88.28150000000002
0.3855000000000217 97.80799999999999 98.19350000000001
1.0655000000000285 103.65599999999999 104.72150000000002
3.3855000000000217 111.80799999999999 115.19350000000001
0.6575000000000273 121.208 121.86550000000003
0.5455000000000183 127.496 128.0415
-0.030499999999989313 129.384 129.3535
0.8495000000000061 136.016 136.8655
1.0895000000000152 144.576 145.6655
-0.030499999999989313 152.672 152.6415
0.08150000000000546 158.92 159.0015
0.6015000000000157 164.136 164.7375
0.8415000000000248 183.98399999999998 184.8255
0.5375000000000227 193.464 194.00150000000002
0.833500000000015 203.03199999999998 203.8655
0.7455000000000211 219.07199999999997 219.8175
0.9134999999999991 228.768 229.6815
0.13750000000004547 237.30399999999997 237.44150000000002
-0.1104999999999734 238.528 238.41750000000002
5.561500000000024 246.432 251.9935
0.2575000000000216 254.488 254.74550000000002
0.8495000000000346 268.96 269.8095
1.0495000000000232 274.536 275.5855
1.2975000000000705 281.99199999999996 283.28950000000003
0.19350000000002865 291.928 292.1215
0.16950000000002774 298.512 298.6815
1.097500000000025 299.544 300.6415
-0.07049999999998136 302.416 302.3455
-0.6944999999999482 303.96 303.26550000000003
0.6974999999999909 305.464 306.1615
0.8175000000000523 310.55199999999996 311.3695
1.3135000000000332 335.15999999999997 336.4735
0.8975000000000364 340.224 341.1215
1.4735000000000582 345.67199999999997 347.1455
0.017500000000040927 351.74399999999997 351.7615
0.25750000000005 362.55199999999996 362.8095
-0.7984999999999332 365.11199999999997 364.31350000000003
-0.31049999999999045 368.816 368.5055
