0.16816666666664304 62.74633333333335 62.91449999999999
0.40016666666664946 69.88233333333335 70.2825
-0.11983333333336077 70.97833333333335 70.85849999999999
0.4401666666666557 72.55433333333335 72.9945
0.1281666666666439 80.27433333333335 80.40249999999999
0.3361666666666565 85.14633333333335 85.4825
0.6561666666666355 93.01833333333336 93.6745
0.6881666666666462 100.81833333333336 101.5065
0.12016666666664833 108.83433333333335 108.9545
1.0641666666666367 110.35433333333336 111.4185
1.256166666666644 114.86633333333336 116.1225
0.45616666666664685 118.32233333333335 118.7785
1.1441666666666492 134.61033333333333 135.75449999999998
0.08816666666666606 142.63433333333333 142.7225
0.4641666666666424 146.12233333333333 146.58649999999997
0.5601666666666176 151.23433333333335 151.79449999999997
0.5041666666666629 159.77033333333333 160.2745
0.7521666666666533 169.80233333333334 170.5545
1.4241666666666504 178.06633333333335 179.4905
0.26416666666662536 181.74633333333335 182.01049999999998
0.7201666666666426 192.57033333333334 193.29049999999998
0.4401666666666415 201.08233333333334 201.52249999999998
1.0401666666666642 208.21833333333333 209.2585
0.1521666666666306 222.83433333333335 222.98649999999998
0.06416666666663673 233.22633333333334 233.29049999999998
0.3921666666666681 236.89033333333333 237.2825
0.5441666666666265 241.25033333333334 241.79449999999997
1.1201666666666483 248.41833333333335 249.5385
0.9921666666666624 265.32233333333335 266.3145
0.6161666666666292 280.35433333333333 280.97049999999996
0.47216666666662377 293.54633333333334 294.01849999999996
0.4161666666666406 305.05833333333334 305.4745
1.2401666666666529 320.93833333333333 322.1785
0.0401666666666074 332.29033333333336 332.3305
1.1601666666666688 340.69033333333334 341.8505
0.48016666666666197 345.17833333333334 345.6585
0.4241666666666788 360.93833333333333 361.3625
1.2001666666666324 365.97833333333335 367.1785
0.5281666666666638 372.39433333333335 372.9225
