0.41499999999999515 2.00916666666664 2.4241666666666353
0.4469999999999956 4.009166666666641 4.456166666666636
-0.06500000000000483 7.8091666666666395 7.744166666666635
-0.241000000000005 8.92916666666664 8.688166666666636
0.09499999999999531 9.99316666666664 10.088166666666636
1.0789999999999953 12.88916666666664 13.968166666666635
0.4469999999999956 24.081166666666643 24.52816666666664
6.062999999999988 26.729166666666643 32.79216666666663
-0.1290000000000049 35.049166666666636 34.92016666666663
-0.37700000000000955 71.24916666666665 70.87216666666664
1.0949999999999989 81.61716666666665 82.71216666666665
0.43899999999999295 92.48116666666665 92.92016666666665
1.2069999999999936 98.09716666666665 99.30416666666665
2.006999999999991 115.03316666666665 117.04016666666664
1.0229999999999961 126.41716666666665 127.44016666666664
0.5269999999999868 141.23316666666665 141.76016666666663
0.08700000000001751 146.07316666666662 146.16016666666664
1.1189999999999998 146.81716666666662 147.93616666666662
0.8629999999999995 153.49716666666663 154.36016666666663
3.022999999999996 200.56916666666663 203.59216666666663
-0.29700000000002547 207.32116666666664 207.02416666666662
1.2789999999999964 237.23316666666665 238.51216666666664
-0.34499999999999886 255.34516666666664 255.00016666666664
0.5109999999999673 260.60116666666664 261.1121666666666
0.43899999999996453 270.91316666666665 271.3521666666666
0.5029999999999291 274.5611666666667 275.0641666666666
0.11899999999997135 275.50516666666664 275.6241666666666
0.30299999999999727 275.81716666666665 276.12016666666665
0.5349999999999682 279.08916666666664 279.6241666666666
0.5349999999999682 281.4651666666667 282.00016666666664
0.7349999999999568 285.76116666666667 286.4961666666666
0.36700000000001864 291.50516666666664 291.87216666666666
-0.48900000000003274 294.4651666666667 293.97616666666664
0.2309999999999377 297.4891666666667 297.7201666666666
1.0869999999999322 303.4331666666667 304.5201666666666
0.5269999999999868 309.71316666666667 310.24016666666665
0.18299999999993588 310.6811666666667 310.8641666666666
0.3269999999999982 324.88916666666665 325.21616666666665
1.3509999999999422 328.68916666666667 330.0401666666666
-0.07300000000003593 333.04116666666664 332.9681666666666
0.44700000000000273 335.48116666666664 335.92816666666664
0.478999999999985 341.59316666666666 342.07216666666665
0.2069999999999368 349.8011666666667 350.0081666666666
0.3909999999999627 361.6331666666667 362.02416666666664
0.894999999999925 365.2171666666667 366.1121666666666
