2.0323333333333444 9.954666666666661 11.987000000000005
2.008333333333347 14.946666666666662 16.95500000000001
0.21633333333334548 21.770666666666664 21.98700000000001
0.18433333333334545 22.994666666666664 23.17900000000001
4.23233333333334 29.506666666666664 33.739000000000004
0.24833333333334195 43.93066666666666 44.179
0.9603333333333453 45.95466666666666 46.915000000000006
2.680333333333344 54.27466666666666 56.955000000000005
-0.5196666666666516 74.27466666666666 73.75500000000001
-0.4156666666666524 81.65866666666666 81.24300000000001
-0.7916666666666572 87.15466666666667 86.36300000000001
1.3923333333333403 90.48266666666667 91.87500000000001
2.9363333333333372 97.87466666666667 100.811
0.9123333333333505 107.65066666666667 108.56300000000002
1.0403333333333507 118.33866666666667 119.37900000000002
1.2963333333333509 123.24266666666666 124.53900000000002
0.6403333333333592 142.33066666666664 142.971
4.360333333333358 151.12266666666665 155.483
-0.35966666666666924 159.16266666666667 158.803
1.752333333333354 169.26666666666665 171.019
1.3923333333333403 174.97866666666667 176.371
0.6963333333333424 185.44266666666667 186.139
0.13633333333334008 192.24266666666665 192.379
1.2803333333333455 197.33066666666664 198.611
1.3603333333333296 210.29866666666666 211.659
2.832333333333338 219.70666666666665 222.539
0.8403333333333478 237.81866666666664 238.659
5.7523333333333255 245.11466666666666 250.867
-0.535666666666657 258.5866666666667 258.05100000000004
3.416333333333341 258.8746666666667 262.29100000000005
0.888333333333378 279.21066666666667 280.09900000000005
3.120333333333292 289.4106666666667 292.531
0.27233333333333576 299.8346666666667 300.107
0.2803333333333171 349.0746666666667 349.355
1.8243333333333567 361.53066666666666 363.355
0.08833333333336668 365.0586666666667 365.14700000000005
-0.4476666666666915 388.9706666666667 388.523
0.03233333333338351 393.25866666666667 393.29100000000005
0.36033333333335804 396.5706666666667 396.93100000000004
0.48833333333334394 401.9146666666667 402.403
0.04033333333336486 404.5226666666667 404.56300000000005
1.4963333333333253 410.8026666666667 412.29900000000004
-0.19966666666664423 420.0986666666667 419.89900000000006
-0.6956666666666251 430.77066666666667 430.07500000000005
-0.07966666666669653 431.1706666666667 431.091
0.08833333333336668 432.53066666666666 432.619
1.8483333333333576 444.3786666666667 446.22700000000003
2.456333333333305 450.2906666666667 452.747
0.11233333333336759 458.18666666666667 458.29900000000004
1.4003333333333217 461.7306666666667 463.13100000000003
