-0.1665000000000063 7.242499999999989 7.075999999999983
0.08949999999999392 9.282499999999988 9.371999999999982
-0.878500000000006 15.858499999999989 14.979999999999983
0.7614999999999945 16.67449999999999 17.435999999999986
-0.2625000000000064 20.13049999999999 19.867999999999984
0.9694999999999929 20.794499999999992 21.763999999999985
0.2494999999999905 23.402499999999993 23.651999999999983
1.0094999999999956 59.05849999999999 60.067999999999984
0.7694999999999936 65.9065 66.67599999999999
1.5854999999999961 70.27449999999999 71.85999999999999
1.345499999999987 74.5065 75.85199999999999
0.977499999999992 80.45049999999999 81.42799999999998
2.4735000000000014 86.81049999999999 89.28399999999999
1.8414999999999964 93.27449999999999 95.11599999999999
0.7454999999999927 102.3625 103.10799999999999
0.04149999999998499 103.5385 103.57999999999998
0.825499999999991 108.4025 109.228
3.2734999999999985 113.0025 116.276
0.8174999999999955 121.5625 122.38
3.2494999999999976 123.21849999999999 126.46799999999999
0.8574999999999875 135.59449999999998 136.45199999999997
-0.15850000000003206 139.4425 139.28399999999996
-0.12650000000002137 141.66649999999998 141.53999999999996
0.6974999999999909 143.9785 144.676
0.4414999999999907 160.6505 161.09199999999998
2.3695000000000164 168.56249999999997 170.932
1.7934999999999945 174.5545 176.34799999999998
2.1854999999999905 185.17049999999998 187.35599999999997
2.0335000000000036 196.29049999999998 198.32399999999998
1.1454999999999984 204.2985 205.444
2.5454999999999757 212.5545 215.09999999999997
-0.13450000000000273 225.59449999999998 225.45999999999998
-0.1745000000000232 226.6985 226.52399999999997
0.47350000000000136 230.31449999999998 230.78799999999998
0.6574999999999989 235.3225 235.98
3.8414999999999964 239.26649999999998 243.10799999999998
2.4414999999999907 246.98649999999998 249.42799999999997
-0.48649999999997817 261.8665 261.38
0.9615000000000009 265.7785 266.74
2.841500000000053 268.65049999999997 271.492
-0.006499999999959982 274.3465 274.34000000000003
-0.3424999999999727 275.8585 275.516
2.2175000000000296 279.50649999999996 281.724
2.4015000000000555 284.97049999999996 287.372
0.833500000000015 292.16249999999997 292.996
0.9855000000000587 294.3785 295.36400000000003
1.1854999999999905 314.0265 315.212
-0.4704999999999586 317.72249999999997 317.252
1.2095000000000482 319.5705 320.78000000000003
3.153500000000008 322.4265 325.58
0.04150000000004184 327.55449999999996 327.596
1.0015000000000214 333.0345 334.036
0.7694999999999936 335.7385 336.508
0.8015000000000327 340.5465 341.348
0.8575000000000159 342.7065 343.564
2.46550000000002 347.72249999999997 350.188
1.7775000000000318 353.2505 355.028
0.0015000000000213731 359.11449999999996 359.116
