5.544000000000002 15.290666666666633 20.834666666666635
48.06400000000001 26.578666666666635 74.64266666666664
-1.8400000000000034 96.21066666666664 94.37066666666664
-0.3440000000000083 98.33066666666664 97.98666666666664
2.176000000000002 99.97066666666665 102.14666666666665
0.20000000000000284 103.17866666666664 103.37866666666665
0.3919999999999959 104.77066666666664 105.16266666666664
-1.2560000000000002 113.38666666666664 112.13066666666664
0.06400000000000716 119.88266666666664 119.94666666666664
-0.46399999999999864 127.49866666666664 127.03466666666664
-1.4559999999999889 135.61866666666663 134.16266666666664
-1.6240000000000236 140.37066666666664 138.7466666666666
-0.12800000000001432 143.38666666666663 143.2586666666666
-0.367999999999995 154.66666666666663 154.29866666666663
-0.2400000000000091 196.45866666666663 196.21866666666662
-0.02400000000000091 204.51466666666664 204.49066666666664
-1.4000000000000057 214.70666666666662 213.30666666666662
0.9840000000000089 224.73066666666662 225.71466666666663
-0.5360000000000014 243.82666666666663 243.29066666666662
2.352000000000004 244.48266666666663 246.83466666666664
0.0 263.70666666666665 263.70666666666665
0.040000000000020464 284.6986666666666 284.73866666666663
2.151999999999987 291.88266666666664 294.0346666666666
-0.3120000000000118 296.75466666666665 296.44266666666664
0.38400000000001455 303.9386666666666 304.32266666666663
-0.7120000000000459 321.43466666666666 320.7226666666666
2.0 331.78666666666663 333.78666666666663
-0.8479999999999563 339.5786666666666 338.73066666666665
0.575999999999965 340.44266666666664 341.0186666666666
0.040000000000020464 350.34666666666664 350.38666666666666
0.2960000000000491 354.6026666666666 354.89866666666666
-0.46399999999999864 362.1386666666666 361.6746666666666
0.008000000000038199 375.0906666666666 375.09866666666665
-1.1440000000000055 380.0586666666666 378.9146666666666
