-1.341000000000014 4.240999999999996 2.899999999999982
-0.3890000000000171 47.760999999999996 47.37199999999998
1.34699999999998 54.193 55.53999999999998
1.0269999999999868 61.49699999999999 62.52399999999998
3.018999999999977 67.22500000000001 70.24399999999999
1.7469999999999857 75.553 77.29999999999998
1.9789999999999992 87.529 89.508
1.6989999999999839 100.32900000000001 102.02799999999999
1.2109999999999843 120.873 122.08399999999999
-0.34900000000001796 133.58499999999998 133.23599999999996
1.6269999999999811 138.465 140.09199999999998
1.778999999999968 150.833 152.61199999999997
1.1629999999999825 169.337 170.49999999999997
1.5229999999999961 182.737 184.26
1.2909999999999968 197.58499999999998 198.87599999999998
0.44299999999998363 208.16899999999998 208.61199999999997
0.3949999999999818 218.393 218.78799999999998
0.38700000000000045 235.47299999999998 235.85999999999999
0.61099999999999 236.089 236.7
0.1150000000000091 269.641 269.75600000000003
0.3790000000000191 270.305 270.684
0.09899999999998954 276.865 276.964
0.9309999999999832 277.721 278.652
0.2349999999999568 280.14500000000004 280.38
-0.4449999999999932 293.089 292.644
-0.1570000000000391 298.369 298.212
-0.26900000000000546 299.353 299.084
-0.2930000000000632 310.89700000000005 310.604
-0.8290000000000077 329.649 328.82
-0.7490000000000236 347.329 346.58
0.3149999999999977 348.689 349.004
1.1870000000000118 349.577 350.764
