0.6653333333333493 1.6573333333333125 2.3226666666666618
0.5133333333333479 9.233333333333313 9.74666666666666
-0.38266666666665117 18.233333333333313 17.850666666666662
-0.022666666666651736 18.865333333333314 18.842666666666663
1.721333333333348 61.31333333333331 63.03466666666666
1.0813333333333475 65.48933333333332 66.57066666666667
0.7293333333333436 71.20933333333332 71.93866666666666
1.8653333333333535 75.96133333333331 77.82666666666667
1.4733333333333576 82.90533333333332 84.37866666666667
1.2973333333333557 94.24133333333332 95.53866666666667
2.5373333333333505 101.28133333333332 103.81866666666667
0.7773333333333454 112.07333333333332 112.85066666666667
1.465333333333362 121.68133333333331 123.14666666666668
0.8013333333333321 130.9453333333333 131.74666666666664
1.3693333333333442 135.5293333333333 136.89866666666666
1.2333333333333485 143.8653333333333 145.09866666666665
0.5453333333333603 145.6093333333333 146.15466666666666
1.2893333333333317 146.7613333333333 148.05066666666664
1.4413333333333753 157.2573333333333 158.69866666666667
0.11333333333334394 161.2253333333333 161.33866666666665
1.5533333333333417 165.8493333333333 167.40266666666665
1.865333333333325 179.18533333333332 181.05066666666664
0.09733333333335281 190.8173333333333 190.91466666666665
1.5933333333333337 194.4573333333333 196.05066666666664
5.609333333333353 196.5453333333333 202.15466666666666
6.961333333333329 210.25733333333332 217.21866666666665
1.113333333333344 224.0413333333333 225.15466666666666
1.681333333333356 230.9373333333333 232.61866666666666
0.6013333333333719 233.8653333333333 234.46666666666667
1.0173333333333403 241.69733333333332 242.71466666666666
1.3213333333333424 247.92933333333332 249.25066666666666
1.6253333333333444 256.8813333333333 258.50666666666666
1.2813333333334072 269.0573333333333 270.3386666666667
0.38533333333339215 274.0173333333333 274.4026666666667
1.6253333333334012 281.5933333333333 283.2186666666667
-0.2866666666665765 296.6493333333333 296.3626666666667
1.7133333333333667 304.2813333333333 305.99466666666666
0.5453333333334172 311.6733333333333 312.2186666666667
1.3693333333333726 317.0253333333333 318.3946666666667
1.2093333333334044 327.0573333333333 328.2666666666667
0.7373333333333676 330.6893333333333 331.4266666666667
0.6813333333333276 335.28933333333333 335.97066666666666
1.6013333333333435 348.5373333333333 350.13866666666667
2.0253333333333785 352.0173333333333 354.04266666666666
0.7053333333333285 358.43333333333334 359.13866666666667
