0.48 2.1719999999999824 2.6519999999999824
1.2560000000000002 47.98799999999998 49.24399999999998
1.4639999999999986 52.41999999999998 53.88399999999998
1.0399999999999991 59.579999999999984 60.61999999999998
1.784000000000006 65.37199999999999 67.15599999999999
3.063999999999993 72.85199999999999 75.91599999999998
1.4399999999999977 81.844 83.28399999999999
2.456000000000003 88.97999999999999 91.43599999999999
1.9599999999999937 95.41199999999999 97.37199999999999
2.6880000000000024 108.61999999999999 111.30799999999999
1.8800000000000097 118.09199999999998 119.972
2.3760000000000048 123.85199999999999 126.228
-1.3599999999999852 129.03599999999997 127.67599999999999
2.6159999999999854 137.38799999999998 140.00399999999996
3.912000000000006 146.55599999999998 150.468
3.383999999999986 158.73999999999998 162.12399999999997
0.4159999999999968 172.45199999999997 172.86799999999997
2.8959999999999866 178.188 181.08399999999997
3.4080000000000155 184.24399999999997 187.652
0.23199999999999932 188.85199999999998 189.08399999999997
3.0 191.54799999999997 194.54799999999997
2.975999999999999 200.94799999999998 203.92399999999998
-0.6239999999999952 205.05999999999997 204.43599999999998
4.496000000000009 205.48399999999998 209.98
4.943999999999988 212.652 217.59599999999998
-0.4159999999999968 236.93999999999997 236.52399999999997
-0.6239999999999952 242.60399999999998 241.98
0.8000000000000114 247.17199999999997 247.97199999999998
5.600000000000023 252.33999999999997 257.94
0.9440000000000168 258.748 259.692
5.711999999999989 264.5 270.212
5.760000000000048 275.508 281.26800000000003
-0.5439999999999827 283.084 282.54
5.032000000000039 287.14 292.172
6.288000000000011 298.324 304.612
0.3120000000000118 305.068 305.38
0.11200000000002319 316.988 317.1
6.519999999999982 317.22 323.74
-0.8400000000000318 326.85200000000003 326.012
1.4800000000000182 331.772 333.252
0.3199999999999932 338.012 338.332
