0.3675000000000104 18.67249999999998 19.039999999999992
0.3995000000000104 33.80849999999998 34.20799999999999
0.3675000000000068 71.32849999999999 71.696
0.9595000000000056 78.17649999999999 79.136
1.0315000000000225 83.16849999999998 84.2
0.46350000000001046 90.5045 90.968
0.46350000000001046 98.17649999999999 98.64
1.95150000000001 103.77649999999998 105.728
0.9675000000000153 113.56049999999999 114.528
0.735500000000016 122.57649999999998 123.312
-0.40850000000000364 131.73649999999998 131.32799999999997
0.5995000000000061 137.60049999999998 138.2
3.1195000000000164 159.80849999999998 162.928
-0.04049999999998022 170.12049999999996 170.07999999999998
1.3915000000000077 181.29649999999998 182.688
1.015500000000003 190.4645 191.48
0.23150000000001114 205.21649999999997 205.44799999999998
-1.072499999999991 207.37649999999996 206.30399999999997
0.3435000000000059 208.61649999999997 208.95999999999998
0.27950000000001296 211.52849999999998 211.808
0.6634999999999991 215.80849999999998 216.47199999999998
-0.3604999999999734 225.72849999999997 225.368
-0.2324999999999875 226.70449999999997 226.47199999999998
-0.1845000000000141 228.2565 228.07199999999997
-0.78449999999998 230.35249999999996 229.56799999999998
0.6715000000000089 234.27249999999998 234.944
5.223500000000001 247.12849999999997 252.35199999999998
0.4555000000000291 262.79249999999996 263.248
0.12749999999999773 278.3925 278.52
-1.5045000000000073 281.3925 279.888
1.2555000000000405 287.6405 288.896
0.3515000000000441 294.91249999999997 295.264
0.5595000000000141 300.4405 301.0
0.41550000000000864 306.20849999999996 306.62399999999997
0.3835000000000264 315.86449999999996 316.248
0.03149999999999409 319.5125 319.544
0.8875000000000455 329.18449999999996 330.072
0.5275000000000318 350.79249999999996 351.32
0.39150000000000773 353.1525 353.544
0.6235000000000355 355.79249999999996 356.416
0.8235000000000241 360.57649999999995 361.4
0.33550000000002456 371.08849999999995 371.424
