-0.16266666666667007 2.2426666666666617 2.0799999999999916
2.5733333333333306 11.386666666666661 13.959999999999992
0.4853333333333296 45.81866666666666 46.30399999999999
-1.0186666666666753 53.36266666666666 52.34399999999999
0.07733333333332837 60.12266666666666 60.19999999999999
0.9813333333333247 66.00266666666667 66.984
0.34133333333332416 73.28266666666667 73.624
-0.978666666666669 81.54666666666667 80.568
0.08533333333333815 91.03466666666667 91.12
1.3573333333333295 99.36266666666667 100.72
0.4853333333333296 101.63466666666667 102.12
0.13333333333333997 107.13866666666667 107.272
0.693333333333328 107.93066666666667 108.624
-1.1946666666666772 114.33066666666667 113.136
0.6293333333333351 119.59466666666667 120.224
1.7253333333333103 126.37066666666666 128.09599999999998
4.045333333333332 129.00266666666664 133.04799999999997
5.2053333333333285 138.01066666666665 143.21599999999998
0.7333333333333201 144.76266666666666 145.49599999999998
-2.0986666666666736 154.14666666666665 152.04799999999997
-1.4906666666666695 156.85866666666666 155.368
0.8053333333333512 157.61066666666665 158.416
3.7573333333333494 166.33066666666664 170.088
-0.36266666666668357 181.20266666666666 180.83999999999997
0.12533333333331598 181.83466666666666 181.95999999999998
1.3813333333333162 182.65066666666667 184.03199999999998
0.429333333333318 185.43466666666666 185.86399999999998
-1.9306666666666672 188.67466666666667 186.744
-0.4106666666666854 198.49066666666667 198.07999999999998
0.6533333333333076 204.46666666666667 205.11999999999998
4.157333333333327 210.78666666666666 214.944
2.4053333333333455 220.81866666666664 223.224
-0.9866666666666788 225.00266666666667 224.016
0.14133333333333553 233.32266666666666 233.464
-0.2266666666666879 253.41866666666667 253.19199999999998
-0.37066666666669335 256.62666666666667 256.256
0.3493333333332771 257.1786666666667 257.52799999999996
0.7413333333333298 272.57866666666666 273.32
-0.15466666666668516 275.97066666666666 275.816
4.189333333333309 282.94666666666666 287.13599999999997
0.797333333333313 298.4746666666667 299.272
0.4453333333333376 300.62666666666667 301.072
0.5413333333332844 304.9386666666667 305.47999999999996
-0.23466666666666924 307.01866666666666 306.784
-0.07466666666670108 312.2986666666667 312.224
0.6293333333333067 323.57866666666666 324.20799999999997
0.4613333333333003 325.1466666666667 325.608
