0.7396666666666754 24.87233333333331 25.611999999999984
0.49166666666667425 26.96033333333331 27.451999999999984
0.5236666666666743 28.21633333333331 28.739999999999984
0.06766666666667476 29.36833333333331 29.435999999999986
1.4916666666666742 32.6003333333333 34.09199999999998
0.46766666666667334 38.08033333333331 38.54799999999998
0.38766666666667504 82.91233333333331 83.29999999999998
0.4836666666666787 87.13633333333331 87.61999999999999
0.35566666666667857 96.36833333333331 96.72399999999999
1.2036666666666633 102.24833333333332 103.45199999999998
-0.38033333333332564 107.80833333333331 107.42799999999998
-0.09233333333332894 109.73633333333332 109.64399999999999
1.4436666666666866 112.42433333333331 113.868
0.33166666666666345 115.22433333333332 115.55599999999998
-0.10833333333333428 122.92033333333332 122.81199999999998
1.1236666666666792 123.55233333333331 124.67599999999999
0.38766666666666083 129.6883333333333 130.07599999999996
0.1636666666666713 140.7283333333333 140.89199999999997
-0.34833333333332916 143.8883333333333 143.53999999999996
0.3156666666666581 145.1603333333333 145.47599999999997
0.14766666666665174 149.9283333333333 150.07599999999996
0.14766666666668016 152.5283333333333 152.676
0.043666666666695164 159.5843333333333 159.628
0.38766666666668925 164.6803333333333 165.06799999999998
1.4276666666666529 189.4163333333333 190.84399999999997
-0.07633333333330938 205.5683333333333 205.492
0.33166666666667766 209.7923333333333 210.12399999999997
-0.04433333333332712 216.6483333333333 216.60399999999998
0.5156666666666752 223.4803333333333 223.99599999999998
0.13166666666668903 224.8723333333333 225.004
0.41166666666666174 228.2003333333333 228.61199999999997
0.5156666666666752 233.6963333333333 234.212
0.14766666666668016 241.8003333333333 241.94799999999998
0.827666666666687 244.0483333333333 244.87599999999998
0.33166666666667766 253.7763333333333 254.10799999999998
0.27566666666666606 266.8163333333333 267.092
-0.004333333333306655 278.71233333333333 278.708
-0.27633333333335486 279.51233333333334 279.236
-0.8683333333333394 282.3523333333333 281.484
0.6356666666666797 288.75233333333335 289.38800000000003
-0.21233333333333348 290.20033333333333 289.988
0.49966666666671244 293.7443333333333 294.244
-0.37233333333330165 301.7203333333333 301.348
0.8356666666666683 302.1363333333333 302.972
-0.8123333333333562 313.88033333333334 313.068
0.02766666666667561 314.4963333333333 314.524
0.3956666666666706 323.6003333333333 323.996
0.3316666666667061 324.7683333333333 325.1
-1.4683333333333053 333.83233333333334 332.36400000000003
0.9396666666667102 337.1843333333333 338.124
0.17966666666671927 341.2083333333333 341.38800000000003
-0.04433333333332712 342.4003333333333 342.356
-0.6763333333333321 349.77633333333335 349.1
0.06766666666663923 350.38433333333336 350.452
0.667666666666662 355.8883333333333 356.556
0.6036666666666974 370.9123333333333 371.516
0.3796666666667079 375.0883333333333 375.468
