-0.12216666666668274 6.475333333333351 6.353166666666668
0.08583333333331744 6.7713333333333505 6.857166666666668
1.3898333333333177 7.6913333333333505 9.081166666666668
-1.2981666666666811 12.11533333333335 10.817166666666669
3.861833333333321 12.51533333333335 16.37716666666667
-0.010166666666680868 20.643333333333352 20.63316666666667
15.221833333333315 38.36333333333335 53.585166666666666
1.3898333333333213 62.49933333333335 63.88916666666667
-1.122166666666672 66.98733333333335 65.86516666666668
-1.170166666666674 73.91533333333335 72.74516666666668
0.36583333333332746 76.62733333333335 76.99316666666668
-1.9141666666666879 79.84333333333336 77.92916666666667
5.6218333333333135 80.18733333333336 85.80916666666667
-2.2421666666666766 90.14733333333335 87.90516666666667
-0.21016666666668016 95.23533333333336 95.02516666666668
1.1578333333333148 96.09933333333336 97.25716666666668
-1.3781666666666865 101.93133333333336 100.55316666666667
3.2778333333333194 102.96333333333335 106.24116666666667
-0.1461666666666872 108.31533333333336 108.16916666666667
-0.890166666666687 109.72333333333336 108.83316666666667
-0.298166666666674 110.96333333333335 110.66516666666668
-0.626166666666677 128.53133333333335 127.90516666666667
-0.6341666666666868 158.76333333333335 158.12916666666666
-0.39416666666667766 160.52333333333334 160.12916666666666
1.5098333333333187 166.41933333333336 167.92916666666667
-0.2261666666666713 169.79533333333333 169.56916666666666
-0.24216666666669084 178.45933333333335 178.21716666666666
-0.626166666666677 179.34733333333335 178.72116666666668
-0.562166666666684 189.05933333333334 188.49716666666666
-0.8581666666666763 204.99533333333335 204.13716666666667
0.8298333333333119 209.15533333333335 209.98516666666666
0.04583333333332007 212.65933333333334 212.70516666666666
1.4778333333333364 213.30733333333333 214.78516666666667
-0.45816666666669903 222.51533333333336 222.05716666666666
-0.9861666666666906 230.27533333333335 229.28916666666666
-0.5781666666667036 231.25933333333336 230.68116666666666
-1.4101666666666688 240.81933333333333 239.40916666666666
0.029833333333328937 246.19533333333334 246.22516666666667
0.12583333333330415 249.18733333333336 249.31316666666666
-0.6341666666667152 260.96333333333337 260.32916666666665
3.3338333333333026 269.3233333333334 272.6571666666667
-0.010166666666691526 276.30733333333336 276.29716666666667
0.1898333333332971 286.7873333333334 286.9771666666667
-0.7781666666667206 292.8273333333334 292.0491666666667
0.261833333333243 293.3153333333334 293.57716666666664
4.7738333333333 293.7633333333334 298.5371666666667
-0.21016666666668016 301.06733333333335 300.85716666666667
-1.6341666666667152 309.03533333333337 307.40116666666665
0.8298333333332835 309.5393333333334 310.3691666666667
0.7978333333333012 315.74733333333336 316.54516666666666
0.013833333333309383 325.60333333333335 325.61716666666666
-0.49816666666669107 328.06733333333335 327.56916666666666
0.14983333333333348 338.18733333333336 338.3371666666667
-0.9621666666666897 341.1313333333334 340.1691666666667
2.4458333333333258 341.81933333333336 344.2651666666667
0.8058333333332826 346.0273333333334 346.83316666666667
1.0218333333332907 348.4113333333334 349.4331666666667
-0.5301666666666733 354.01933333333335 353.4891666666667
-2.050166666666712 357.2673333333334 355.2171666666667
