1.0066666666666508 3.5866666666666616 4.593333333333312
0.04666666666665087 9.55466666666666 9.601333333333312
5.742666666666651 20.114666666666665 25.857333333333315
1.0866666666666518 57.78666666666666 58.87333333333331
-0.0733333333333519 69.13866666666667 69.06533333333331
2.646666666666647 72.56266666666667 75.20933333333332
0.11866666666664116 83.66666666666667 83.78533333333331
1.5026666666666557 89.00266666666667 90.50533333333333
-0.025333333333350083 97.67466666666667 97.64933333333332
1.0946666666666403 107.40266666666668 108.49733333333332
-1.0813333333333617 110.73866666666667 109.65733333333331
3.7266666666666453 119.13066666666667 122.85733333333332
0.39066666666664673 131.95466666666667 132.34533333333331
-1.9933333333333394 143.08266666666665 141.08933333333331
-0.9613333333333571 144.99466666666666 144.0333333333333
2.5986666666666736 153.89066666666665 156.48933333333332
-0.09733333333335281 157.29866666666666 157.2013333333333
-0.2653333333333592 159.25066666666666 158.9853333333333
-0.985333333333358 162.05866666666665 161.0733333333333
-0.6093333333333533 163.62666666666667 163.0173333333333
-0.6573333333333267 165.14666666666665 164.48933333333332
0.03866666666667129 175.51466666666664 175.5533333333333
4.374666666666656 177.11466666666666 181.48933333333332
10.310666666666663 205.45066666666665 215.7613333333333
0.28666666666666174 222.41066666666666 222.69733333333332
-0.32133333333334235 224.32266666666666 224.00133333333332
0.18266666666664833 234.85866666666666 235.0413333333333
0.2146666666666306 235.67466666666667 235.8893333333333
1.454666666666668 236.07466666666664 237.5293333333333
-0.8093333333333419 243.29866666666666 242.48933333333332
0.5506666666666433 258.11466666666666 258.6653333333333
1.0466666666666242 259.5386666666667 260.5853333333333
-0.19333333333338487 274.3386666666667 274.1453333333333
0.1106666666666456 277.0106666666667 277.1213333333333
-0.5053333333333967 293.2266666666667 292.7213333333333
-0.06533333333339897 293.7546666666667 293.6893333333333
-0.1293333333333635 295.7866666666667 295.6573333333333
-0.19333333333338487 297.8826666666667 297.6893333333333
