0.6186666666666731 19.593333333333312 20.211999999999986
-0.021333333333330984 20.937333333333314 20.915999999999983
-0.06133333333332658 21.593333333333312 21.531999999999986
0.034666666666669954 23.785333333333313 23.819999999999983
28.81866666666668 43.47333333333331 72.29199999999999
1.346666666666664 91.84133333333332 93.18799999999999
0.010666666666679703 100.65733333333331 100.66799999999999
1.6826666666666625 106.36133333333332 108.04399999999998
-0.021333333333330984 109.63333333333333 109.612
2.482666666666674 114.88133333333332 117.36399999999999
2.282666666666671 123.98533333333332 126.26799999999999
2.0586666666666815 131.8893333333333 133.94799999999998
2.1866666666666674 144.0653333333333 146.25199999999998
1.7626666666666608 159.4973333333333 161.25999999999996
-0.005333333333339851 178.4813333333333 178.47599999999997
-0.04533333333333189 180.0173333333333 179.97199999999998
1.4666666666666686 186.5933333333333 188.05999999999997
2.066666666666663 195.0813333333333 197.14799999999997
0.8426666666666733 206.2893333333333 207.13199999999998
2.546666666666681 217.2013333333333 219.748
2.370666666666665 227.1053333333333 229.47599999999997
2.194666666666649 232.18533333333332 234.37999999999997
1.7626666666666608 240.3853333333333 242.14799999999997
1.242666666666679 251.1053333333333 252.34799999999998
1.706666666666706 256.4333333333333 258.14
4.194666666666706 261.3293333333333 265.524
2.0506666666667 270.9613333333333 273.012
-0.1333333333332689 288.4973333333333 288.36400000000003
3.730666666666707 295.0813333333333 298.812
-0.7653333333332739 306.7213333333333 305.956
1.338666666666711 307.3293333333333 308.668
1.858666666666693 322.38533333333334 324.244
0.4346666666667147 337.1373333333333 337.572
2.5386666666666997 343.6893333333333 346.228
3.1306666666666843 363.89733333333334 367.028
2.9706666666666592 375.80133333333333 378.772
