-0.6253333333333209 2.6573333333333125 2.0319999999999916
3.0546666666666784 4.345333333333313 7.3999999999999915
-0.3693333333333211 10.985333333333312 10.61599999999999
0.9426666666666819 53.43333333333331 54.37599999999999
0.0626666666666793 56.153333333333315 56.215999999999994
-2.145333333333326 67.81733333333332 65.672
1.5186666666666895 75.91333333333331 77.432
0.23866666666667413 79.88933333333333 80.128
-0.8813333333333162 82.20933333333332 81.328
1.4306666666666814 90.71333333333332 92.144
-1.6013333333333293 101.22533333333332 99.624
1.9666666666666828 108.00933333333332 109.976
-1.9453333333333092 112.93733333333331 110.992
3.4706666666666592 129.95333333333332 133.42399999999998
-0.09733333333332439 163.48933333333332 163.392
-0.1453333333333262 164.3613333333333 164.21599999999998
-0.03333333333333144 174.11333333333332 174.07999999999998
2.03066666666669 174.5453333333333 176.576
1.4946666666666886 212.8413333333333 214.33599999999998
4.878666666666675 219.4573333333333 224.33599999999998
-0.07333333333332348 229.5693333333333 229.49599999999998
1.2306666666666786 233.3853333333333 234.61599999999999
-0.257333333333321 245.0493333333333 244.79199999999997
0.1746666666666954 245.7533333333333 245.928
-0.23333333333332007 248.2013333333333 247.968
-0.057333333333303926 249.3053333333333 249.248
0.374666666666684 254.2493333333333 254.624
-0.3053333333333228 255.3773333333333 255.07199999999997
1.8786666666666747 258.8893333333333 260.768
-1.4893333333333203 272.0413333333333 270.55199999999996
4.526666666666699 280.8413333333333 285.368
-0.5373333333333221 298.2093333333333 297.67199999999997
0.006666666666660603 299.2013333333333 299.20799999999997
