0.7373333333333196 4.297333333333341 5.034666666666661
0.8493333333333197 5.3293333333333415 6.178666666666661
-0.4146666666666796 7.337333333333341 6.922666666666661
0.13733333333331998 10.22533333333334 10.36266666666666
-0.32666666666667865 13.00133333333334 12.674666666666662
-0.2786666666666804 16.001333333333342 15.722666666666662
-0.6866666666666816 54.80133333333334 54.11466666666666
-1.4226666666666787 58.90533333333334 57.48266666666666
0.3293333333333237 66.41733333333335 66.74666666666667
1.5373333333333221 72.64933333333335 74.18666666666667
0.1453333333333262 75.55333333333334 75.69866666666667
0.017333333333326095 78.08933333333334 78.10666666666667
-1.6866666666666816 80.80133333333335 79.11466666666666
-0.7906666666666808 86.44933333333334 85.65866666666666
-0.13466666666668914 93.53733333333335 93.40266666666666
3.4013333333333122 95.40933333333335 98.81066666666666
3.2973333333333272 103.04133333333334 106.33866666666667
4.257333333333321 110.57733333333334 114.83466666666666
1.8333333333333144 121.92133333333335 123.75466666666667
-1.0386666666666855 127.78533333333336 126.74666666666667
0.5773333333333142 151.31333333333333 151.89066666666665
2.7693333333333214 158.77733333333333 161.54666666666665
3.9293333333333464 168.53733333333332 172.46666666666667
3.641333333333307 181.55333333333334 185.19466666666665
0.02533333333332166 200.56933333333333 200.59466666666665
2.777333333333331 201.24133333333333 204.01866666666666
3.081333333333305 208.00133333333335 211.08266666666665
4.50533333333334 217.81733333333332 222.32266666666666
2.937333333333328 228.35333333333332 231.29066666666665
-0.7106666666666683 241.61733333333333 240.90666666666667
2.8413333333332957 243.51333333333335 246.35466666666665
0.001333333333320752 251.86533333333333 251.86666666666665
1.3693333333333726 255.75333333333333 257.1226666666667
1.0733333333333235 264.4653333333334 265.5386666666667
0.10533333333330575 266.12933333333336 266.23466666666667
0.20933333333334758 266.86533333333335 267.0746666666667
3.2333333333333485 270.86533333333335 274.0986666666667
0.5453333333333603 278.48133333333334 279.0266666666667
-0.9266666666666765 280.6093333333334 279.6826666666667
3.145333333333326 282.49733333333336 285.6426666666667
2.873333333333335 291.80933333333337 294.6826666666667
3.777333333333331 300.03333333333336 303.8106666666667
3.953333333333319 308.74533333333335 312.69866666666667
3.8413333333332957 318.17733333333337 322.01866666666666
3.8413333333332957 326.64133333333336 330.48266666666666
4.03333333333336 337.25733333333335 341.2906666666667
3.985333333333301 349.4893333333334 353.4746666666667
0.1453333333333262 356.81733333333335 356.9626666666667
-0.3266666666667106 358.3453333333334 358.01866666666666
