2.6319999999999992 3.2266666666666617 5.858666666666661
-0.5679999999999978 25.75466666666666 25.186666666666664
0.5839999999999996 29.186666666666664 29.770666666666664
-0.720000000000006 36.06666666666666 35.34666666666666
0.7999999999999972 40.37866666666666 41.17866666666666
0.6240000000000023 50.24266666666666 50.86666666666666
-0.2079999999999984 60.65066666666666 60.44266666666666
0.16800000000000637 64.82666666666667 64.99466666666667
-0.2639999999999958 73.85066666666667 73.58666666666667
0.5919999999999987 79.13866666666667 79.73066666666666
0.480000000000004 89.00266666666667 89.48266666666667
0.08799999999999386 94.66666666666667 94.75466666666667
0.48799999999999955 96.99466666666667 97.48266666666667
0.15200000000000102 98.12266666666667 98.27466666666668
1.1599999999999966 102.43466666666667 103.59466666666667
0.9440000000000026 113.02666666666667 113.97066666666667
0.0 130.49866666666665 130.49866666666665
0.5200000000000102 136.82666666666665 137.34666666666666
0.007999999999981355 139.55466666666666 139.56266666666664
-0.1599999999999966 161.50666666666666 161.34666666666666
0.9279999999999973 167.67466666666667 168.60266666666666
1.9279999999999973 171.09066666666666 173.01866666666666
1.1199999999999761 187.97866666666667 189.09866666666665
0.8880000000000052 197.98666666666665 198.87466666666666
0.6400000000000148 210.58666666666664 211.22666666666666
0.9199999999999875 219.29866666666666 220.21866666666665
1.5360000000000014 233.83466666666666 235.37066666666666
-1.0720000000000027 246.59466666666665 245.52266666666665
0.6560000000000059 251.82666666666665 252.48266666666666
-0.3680000000000234 255.97866666666667 255.61066666666665
0.06400000000002137 259.7626666666667 259.8266666666667
-0.02400000000000091 262.45866666666666 262.43466666666666
0.23200000000002774 270.57866666666666 270.8106666666667
0.28799999999995407 276.2906666666667 276.57866666666666
-0.016000000000019554 279.4426666666667 279.4266666666667
0.3919999999999959 285.16266666666667 285.55466666666666
0.9920000000000186 289.09066666666666 290.0826666666667
-0.04800000000000182 292.6106666666667 292.5626666666667
-0.2880000000000109 295.9306666666667 295.6426666666667
-0.27199999999999136 298.3466666666667 298.0746666666667
-0.07999999999998408 301.8186666666667 301.7386666666667
0.08800000000002228 306.4026666666667 306.4906666666667
0.02400000000000091 313.60266666666666 313.62666666666667
-0.9600000000000364 327.7306666666667 326.77066666666667
1.7280000000000086 328.0586666666667 329.7866666666667
-0.16800000000000637 333.6906666666667 333.5226666666667
2.1440000000000055 336.3146666666667 338.4586666666667
-1.0400000000000205 350.6106666666667 349.5706666666667
