0.344833333333332 4.3711666666666495 4.7159999999999815
1.1688333333333354 22.13916666666665 23.307999999999986
2.2168333333333337 29.13916666666665 31.355999999999984
-0.7671666666666681 34.39516666666665 33.62799999999998
0.5608333333333348 42.923166666666646 43.48399999999998
0.4408333333333374 58.97116666666665 59.411999999999985
3.576833333333326 72.73916666666666 76.31599999999999
3.424833333333325 88.58716666666666 92.01199999999999
0.4168333333333294 117.78716666666666 118.204
-0.7671666666666681 120.09116666666665 119.32399999999998
2.0088333333333424 121.90716666666665 123.916
0.5288333333333242 144.61916666666664 145.14799999999997
0.1288333333333469 152.57116666666664 152.7
-0.03116666666667811 153.53116666666665 153.49999999999997
0.22483333333335054 157.65916666666664 157.884
0.3848333333333471 166.81916666666663 167.20399999999998
0.6808333333333394 168.27516666666665 168.956
-0.18316666666666492 172.86716666666663 172.68399999999997
0.16883333333333894 173.51516666666663 173.68399999999997
-2.2631666666666774 178.69116666666665 176.42799999999997
3.5448333333333437 179.56316666666663 183.10799999999998
-0.2951666666666597 189.20316666666665 188.908
3.44883333333334 194.54716666666664 197.99599999999998
1.0328333333333433 204.54716666666664 205.57999999999998
2.552833333333325 207.85916666666665 210.41199999999998
-0.2951666666666597 228.48316666666665 228.188
0.5928333333333171 234.13916666666665 234.73199999999997
3.4088333333333196 251.89916666666664 255.30799999999996
-0.08716666666666129 255.80316666666664 255.71599999999998
6.728833333333341 259.1711666666667 265.90000000000003
1.1288333333333185 272.6911666666667 273.82
0.31283333333328756 286.3391666666667 286.652
0.32083333333332575 287.03516666666667 287.356
3.352833333333365 298.45116666666667 301.80400000000003
1.9688333333333503 314.67516666666666 316.644
2.3928333333333285 326.79516666666666 329.188
0.10483333333331757 330.2031666666667 330.308
0.1608333333333576 330.7151666666667 330.87600000000003
0.13683333333329983 331.4191666666667 331.556
1.6808333333333394 350.7871666666667 352.468
1.7688333333333048 376.4111666666667 378.18
0.1768333333333203 380.8831666666667 381.06
-0.3271666666666988 382.8751666666667 382.548
1.4408333333333303 388.5631666666667 390.004
3.016833333333352 397.6191666666667 400.636
1.6248333333332994 425.5631666666667 427.188
