0.0740000000000105 8.664166666666663 8.738166666666674
0.45800000000000907 9.120166666666664 9.578166666666673
0.378000000000009 14.464166666666664 14.842166666666673
0.8020000000000103 15.592166666666664 16.394166666666674
0.8340000000000103 18.104166666666664 18.938166666666675
0.6340000000000074 21.464166666666667 22.098166666666675
0.14600000000001145 22.808166666666665 22.954166666666676
0.6340000000000074 24.856166666666667 25.490166666666674
0.5940000000000083 48.90416666666666 49.49816666666667
1.5700000000000145 55.71216666666666 57.282166666666676
1.6180000000000092 69.59216666666667 71.21016666666668
0.8260000000000076 77.72816666666667 78.55416666666667
2.042000000000016 79.84816666666667 81.89016666666669
2.5540000000000163 84.56816666666667 87.12216666666669
0.146000000000015 87.72816666666667 87.87416666666668
1.0820000000000078 96.14416666666668 97.22616666666669
2.4820000000000135 105.72816666666667 108.21016666666668
0.6100000000000136 125.13616666666667 125.74616666666668
1.0339999999999918 128.41616666666667 129.45016666666666
1.106000000000023 137.74416666666664 138.85016666666667
0.738000000000028 145.60816666666665 146.34616666666668
0.578000000000003 147.04016666666666 147.61816666666667
1.6500000000000057 159.36816666666667 161.01816666666667
1.906000000000006 161.37616666666665 163.28216666666665
0.8740000000000236 172.53616666666665 173.41016666666667
1.474000000000018 179.84016666666665 181.31416666666667
1.1620000000000061 185.94416666666666 187.10616666666667
0.9380000000000166 194.66416666666666 195.60216666666668
0.2820000000000107 196.75216666666665 197.03416666666666
0.3779999999999859 200.25616666666667 200.63416666666666
2.890000000000015 212.22416666666666 215.11416666666668
2.3060000000000116 215.63216666666665 217.93816666666666
0.51400000000001 218.57616666666667 219.09016666666668
1.106000000000023 222.70416666666665 223.81016666666667
1.1140000000000327 228.81616666666665 229.93016666666668
-0.06999999999999318 231.80816666666666 231.73816666666667
0.6180000000000234 239.58416666666665 240.20216666666667
0.09000000000000341 253.29616666666666 253.38616666666667
1.4740000000000464 260.72016666666667 262.1941666666667
0.9940000000000282 265.20816666666667 266.2021666666667
1.5539999999999736 274.9041666666667 276.45816666666667
1.538000000000011 285.7121666666667 287.2501666666667
0.4660000000000082 287.7921666666667 288.2581666666667
0.8340000000000032 289.2881666666667 290.1221666666667
1.8659999999999854 292.4401666666667 294.3061666666667
0.44999999999998863 295.0481666666667 295.4981666666667
-0.06199999999995498 296.7921666666667 296.7301666666667
1.0579999999999927 300.8241666666667 301.8821666666667
-0.053999999999973625 304.48016666666666 304.4261666666667
0.05000000000001137 304.9121666666667 304.9621666666667
1.329999999999984 309.0961666666667 310.4261666666667
1.754000000000019 311.0961666666667 312.8501666666667
0.06599999999997408 313.2641666666667 313.3301666666667
3.1140000000000327 317.8161666666667 320.9301666666667
2.0579999999999927 328.0241666666667 330.0821666666667
2.1860000000000355 340.3761666666667 342.5621666666667
-0.02199999999999136 343.0961666666667 343.0741666666667
0.7620000000000005 348.2161666666667 348.9781666666667
0.40999999999996817 360.6321666666667 361.0421666666667
