-0.17700000000000493 6.243666666666666 6.066666666666661
0.08699999999999442 9.123666666666667 9.210666666666661
-0.10500000000000398 18.80366666666667 18.698666666666664
0.45499999999999474 21.34766666666667 21.802666666666664
0.470999999999993 22.85966666666667 23.330666666666662
5.742999999999995 33.29966666666667 39.04266666666666
-0.21700000000001296 85.69166666666668 85.47466666666666
-0.5690000000000026 91.26766666666667 90.69866666666667
-0.6730000000000018 101.51566666666668 100.84266666666667
0.5109999999999957 107.74766666666667 108.25866666666667
1.3589999999999947 115.87566666666667 117.23466666666667
-0.16900000000001114 132.60366666666667 132.43466666666666
1.7109999999999843 139.31566666666666 141.02666666666664
0.5670000000000073 157.89966666666666 158.46666666666667
3.7750000000000057 159.17966666666666 162.95466666666667
-0.20900000000000318 163.56366666666665 163.35466666666665
0.022999999999996135 174.73966666666666 174.76266666666666
0.007000000000005002 175.10766666666666 175.11466666666666
0.7669999999999959 207.20366666666666 207.97066666666666
-0.00899999999998613 234.68366666666665 234.67466666666667
-0.3450000000000273 235.41966666666667 235.07466666666664
0.07100000000002638 296.8516666666667 296.9226666666667
0.055000000000063665 298.25966666666665 298.3146666666667
0.7110000000000127 318.22766666666666 318.9386666666667
0.18299999999999272 328.2196666666667 328.4026666666667
0.7270000000000323 329.30766666666665 330.0346666666667
0.6949999999999932 333.39566666666667 334.09066666666666
0.19100000000003092 340.5636666666667 340.7546666666667
-0.3849999999999909 348.83566666666667 348.4506666666667
0.18300000000004957 349.61966666666666 349.8026666666667
0.9110000000000014 350.0996666666667 351.0106666666667
-0.13700000000000045 367.8516666666667 367.7146666666667
-0.09699999999997999 368.23566666666665 368.13866666666667
-0.1129999999999427 369.01166666666666 368.8986666666667
-0.16899999999998272 369.67566666666664 369.50666666666666
-0.7449999999999477 376.65166666666664 375.9066666666667
0.16700000000003 376.89166666666665 377.0586666666667
0.5270000000000437 381.85966666666667 382.3866666666667
