1.0466666666666793 5.377333333333285 6.423999999999964
3.526666666666671 67.6413333333333 71.16799999999996
0.7506666666666746 71.8653333333333 72.61599999999997
0.33466666666667777 77.5853333333333 77.91999999999997
2.9986666666666792 82.46533333333329 85.46399999999997
-1.7213333333333196 92.9213333333333 91.19999999999997
3.2386666666666883 98.64933333333329 101.88799999999998
5.8866666666666845 110.54533333333329 116.43199999999997
2.822666666666663 125.67333333333329 128.49599999999995
1.6306666666666843 137.93733333333327 139.56799999999996
-0.09733333333329597 148.53733333333327 148.43999999999997
8.910666666666685 149.52133333333327 158.43199999999996
1.8386666666666827 169.6013333333333 171.43999999999997
5.534666666666681 183.16933333333327 188.70399999999995
0.26266666666668925 192.26533333333327 192.52799999999996
7.118666666666684 200.88933333333327 208.00799999999995
12.214666666666687 223.37733333333327 235.59199999999996
25.638666666666694 250.9773333333333 276.616
-0.06533333333334213 293.6653333333333 293.59999999999997
2.2066666666666492 294.3693333333333 296.57599999999996
3.174666666666667 317.7853333333333 320.96
2.542666666666662 343.2733333333333 345.816
-0.24133333333332985 348.6173333333333 348.376
-0.32133333333331393 362.6253333333333 362.304
22.670666666666705 391.7933333333333 414.464
1.2146666666666874 419.7693333333333 420.984
18.702666666666687 441.7693333333333 460.472
13.094666666666683 480.0813333333333 493.176
55.71066666666661 563.7213333333333 619.4319999999999
