-0.22533333333332184
0.7746666666666773
1.1746666666666812
2.9746666666666783
-0.12533333333332308
2.374666666666677
4.874666666666677
1.2746666666666826
4.674666666666667
1.4746666666666783
0.5746666666666727
2.674666666666667
1.5746666666666727
2.3746666666666556
1.4746666666666783
2.674666666666667
1.374666666666684
1.674666666666667
2.9746666666666783
1.6746666666666954
2.0746666666666727
0.374666666666684
2.8746666666666556
0.8746666666667124
1.5746666666666442
1.2746666666666897
2.074666666666701
0.9746666666666783
1.674666666666667
1.574666666666701
2.4746666666666783
1.3746666666666556
0.6746666666667238
1.074666666666701
0.5746666666667011
0.2746666666666897
0.674666666666667
-0.32533333333333303
1.174666666666667
0.9746666666666783
1.174666666666667
